root22-208.txt
   [a   , b]  root
01;[2.2 , 3]2.457
02;[0.0 , 1]0.769
03;[0.47 , 1]0.826
04;[5.0 , 6]5.714
05;[0.53 , 1]0.886
06;[0.4 , 2]0.614
07;[19.97 , 21]20.898
08;[1.33 , 2]1.655
09;[4.72 , 6]5.428
10;[2.33 , 3]2.679
11;[-0.19 , 1]0.119
12;[2.35 , 3]2.879
13;[6.28 , 7]6.737
14;[7.45 , 8]7.689
15;[5.41 , 7]5.672
16;[5.3 , 6]5.793
17;[-5.49 , -4]-4.791
18;[-1.79 , 0]-1.017
19;[0.89 , 1.9]1.122
20;[1.57 , 3]2.355
21;[1.51 , 2]1.879
22;[0.99 , 2]1.767
23;[0.52 , 1]0.881
24;[3.82 , 5]4.285
25;[7.56 , 8]7.868
26;[5.0 , 6]5.832
27;[2.39 , 4]2.559
28;[-5.49 , -5]-5.030
29;[1.32 , 3]2.371
30;[-4.1 , -4]-4.012
31;[3.45 , 5]4.453
32;[-1.6 , -1]-1.156
